  60.911      2.0 22.004498432629035 366.74164054381725
  75.177      5.0 0.4951012147341533 733.4832810876345
  78.601      3.0 16.503373824471776 2750.5623040786295
  80.605      3.0 8.435057732507797 916.8541013595432
   85.57      3.0 22.187869252900942 2383.820663534812
  89.929      2.0 73.34832810876345 733.4832810876345
  95.902      3.0 22921.35253398858 1833.7082027190863
  99.533      6.0 10.085395114954975 2383.820663534812
 102.515     10.0 8.985170193323523 3484.045585166264
  107.22      6.0 8.985170193323523 2017.0790229909949
 109.915      3.0 14.66966562175269 1466.966562175269
 110.985      5.0 31.35641026649638 2200.4498432629034
  116.23      4.0 19.253936128550404 2200.4498432629034
 123.499      4.0 9.718653474411157 1466.966562175269
 124.093      5.0 11.368990856858336 1466.966562175269
 124.698      3.0 17.0534862852875 2017.0790229909949
 130.075      5.0 8.251686912235888 1833.7082027190863
 130.163      3.0 16.870115465015594 5317.75378788535
 132.015      9.0 7.518203631148254 1650.3373824471776
 133.919      4.0 11.368990856858336 1833.7082027190863
  138.32      7.0 8.068316091963979 2383.820663534812
 138.376     12.0 8.435057732507797 2200.4498432629034
 140.369     18.0 7.151461990604436 3117.3039446224466
 140.659      3.0 33.00674764894355 2017.0790229909949
 142.099     16.0 10.085395114954975 1833.7082027190863
 142.412      9.0 15.219778082568418 2383.820663534812
 151.378      3.0 36.124051593566 1833.7082027190863
 152.432     11.0 10.268765935226883 2017.0790229909949
 153.488      7.0 10.268765935226883 2567.191483806721
 154.341      6.0 15.953261363656049 2567.191483806721
 154.639      3.0 166.86744644743686 1466.966562175269
 156.141      5.0 18.703823667734678 2017.0790229909949
 156.531      3.0 34.84045585166264 550.1124608157259
 162.378      7.0 23.838206635348122 733.4832810876345
  165.27      5.0 17.603598746103227 1650.3373824471776
 165.895      6.0 50.42697557477488 4400.899686525807
 170.857     15.0 8.251686912235888 1650.3373824471776
 171.077      5.0 5.501124608157259      0.0
 173.254      7.0 19.620677769094222 1833.7082027190863
 175.531     13.0 8.435057732507797 2933.933124350538
 176.803      5.0 62.346078892448936 366.74164054381725
 180.198      6.0 36.30742241383791 1650.3373824471776
  182.55      8.0 12.10247413794597 1650.3373824471776
 183.403      5.0 26.40539811915484 2017.0790229909949
 183.782      8.0 38.50787225710081 916.8541013595432
 184.847      7.0 35.573939132750276 2200.4498432629034
 186.182      4.0 35.207197492206454 3850.787225710081
 193.603      4.0 24.388319096163848 2017.0790229909949
 194.116      6.0 22.371240073172853 2017.0790229909949
 196.108      5.0 38.69124307737272 2567.191483806721
 196.723      8.0 30.439556165136835 2567.191483806721
 199.833      4.0 148.530364420246 550.1124608157259
  203.13      9.0 18.88719448800659 2750.5623040786295
 203.774      6.0 16.870115465015594 3484.045585166264
 203.982      5.0 23.471464994804304 2383.820663534812
  206.09      4.0 49.51012147341533 4584.270506797716
 212.488     16.0 10.452136755498792 2750.5623040786295
 212.917      6.0 44.375738505801884 2933.933124350538
  217.96     11.0 23.838206635348122 2567.191483806721
 220.189      4.0 95.35282654139249 733.4832810876345
 225.058     16.0 30.98966862595256 2383.820663534812
 225.215     10.0 20.537531870453765 4584.270506797716
 225.852      5.0 39.424726358460354 3667.4164054381727
 226.213      9.0 35.573939132750276 3300.674764894355
 228.041     14.0 18.88719448800659 2200.4498432629034
 229.812      6.0 2292.135253398858 2200.4498432629034
 230.199     13.0 64.17978709516801 1466.966562175269
 231.684      8.0 27.505623040786293 2933.933124350538
 232.689      8.0 17.236857105559412 3667.4164054381727
 236.897      9.0 522.6068377749395 2750.5623040786295
 239.509      8.0 84.35057732507798 550.1124608157259
 240.301      7.0 133.8606987984933 733.4832810876345
  240.95      6.0 64.17978709516801 550.1124608157259
 246.472      4.0 106.355075757707 733.4832810876345
 248.759      7.0 36.67416405438173 366.74164054381725
 256.195      4.0 403.41580459819903 2200.4498432629034
 261.976      7.0 330.06747648943553 1833.7082027190863
 263.081     12.0 38.50787225710081 733.4832810876345
 267.989      6.0 60.51237068972985 550.1124608157259
 269.144     22.0 27.6889938610582 4584.270506797716
 269.962     29.0 13.386069879849329 4217.528866253899
 270.537     24.0 20.17079022990995 550.1124608157259
 270.804     16.0 32.089893547584005 4584.270506797716
 272.431     14.0 23.104723354260486 3300.674764894355
  272.96     12.0 22.004498432629035 733.4832810876345
 275.617     19.0 25.30517319752339 4034.1580459819897
 276.139     19.0 38.50787225710081 4217.528866253899
 277.048     22.0 19.070565308278496 4217.528866253899
 277.469     12.0 29.33933124350538 550.1124608157259
 278.072     12.0 28.605847962417744 4217.528866253899
 281.118     31.0 16.32000300419987 4767.641327069624
 285.551     14.0 47.676413270696244 733.4832810876345
 286.021     22.0 27.505623040786293 733.4832810876345
 287.981      9.0 517.1057131667823 2750.5623040786295
 289.809     11.0 44.00899686525807 550.1124608157259
   292.1     20.0 44.00899686525807 1650.3373824471776
 292.541      6.0 102.68765935226884 733.4832810876345
 296.367      6.0 480.4315491124006 2567.191483806721
 298.058     28.0 20.720902690725676 4034.1580459819897
 298.674     35.0 40.3415804598199 550.1124608157259
 300.868     17.0 36.67416405438173 733.4832810876345
 301.272     11.0 51.34382967613442 550.1124608157259
 304.855      8.0 73.34832810876345 733.4832810876345
  306.56      7.0 432.7551358417043 2383.820663534812
 309.567     15.0 42.17528866253899 733.4832810876345
 310.316      6.0 429.0877194362662 2383.820663534812
 311.131     13.0 56.844954284291674 733.4832810876345
 316.327     12.0 34.84045585166264 916.8541013595432
 317.476     11.0 40.3415804598199 1100.2249216314517
  319.21     20.0 36.67416405438173 1100.2249216314517
 320.835     13.0 42.17528866253899 733.4832810876345
 321.877     15.0 86.18428552779704 2017.0790229909949
 323.642     18.0 36.67416405438173 1466.966562175269
 331.127     12.0 55.01124608157259 550.1124608157259
 335.049     20.0 69.68091170332528 916.8541013595432
  336.21      4.0 29.33933124350538 916.8541013595432
 336.743     11.0 64.17978709516801 1466.966562175269
 340.294      7.0 410.75063740907535 2383.820663534812
  340.74      5.0 88.01799373051614 1283.5957419033605
 341.321     17.0 86.18428552779704 1100.2249216314517
 341.722     18.0 78.84945271692071 1100.2249216314517
 342.514     21.0 80.6831609196398 1100.2249216314517
 345.073     21.0 44.00899686525807 733.4832810876345
 348.324     25.0 56.844954284291674 1466.966562175269
 354.289     16.0 60.51237068972985 733.4832810876345
 356.523     10.0 242.0494827589194 1283.5957419033605
   357.7     40.0 86.18428552779704 916.8541013595432
   359.2      5.0 31.173039446224468 1100.2249216314517
 361.501     16.0 69.68091170332528 733.4832810876345
 362.608      5.0 473.0967163015243 2750.5623040786295
 363.749     22.0 111.85620036586425 733.4832810876345
 366.911     40.0 89.85170193323522 3117.3039446224466
 367.893      9.0 3722.4276515197453 2017.0790229909949
 375.672      9.0 264.0539811915484 1466.966562175269
 376.347     19.0 55.01124608157259 916.8541013595432
 380.158     13.0 155.86519723112232 1100.2249216314517
 386.214     18.0 148.530364420246 1283.5957419033605
 391.123     20.0 133.8606987984933 1833.7082027190863
 391.973     20.0 139.36182340665056 1650.3373824471776
   392.3     20.0 75.18203631148253 1283.5957419033605
 393.531     31.0 128.35957419033602 2933.933124350538
 394.424     32.0 152.19778082568416 4400.899686525807
 395.473     31.0 137.52811520393146 2933.933124350538
 397.541     24.0 192.53936128550407 3300.674764894355
 399.621     11.0 275.0562304078629 2750.5623040786295
 400.253     15.0 240.2157745562003 2567.191483806721
 417.288     14.0 78.84945271692071 916.8541013595432
 417.704     12.0 95.35282654139249 916.8541013595432
 418.554     14.0 126.52586598761694 1100.2249216314517
 420.023      4.0 788.4945271692071 550.1124608157259
 426.666      6.0 1595.326136365605 1100.2249216314517
 430.333     31.0 117.35732497402152 2383.820663534812
 431.263      7.0 326.40006008399735 1833.7082027190863
 433.236     19.0 238.38206635348124 2383.820663534812
 434.282      9.0 788.4945271692071 550.1124608157259
 445.399     23.0 66.0134952978871 1283.5957419033605
 448.518      4.0 1962.0677769094223 916.8541013595432
  450.11     31.0 84.35057732507798 1833.7082027190863
 451.077      6.0 465.7618834906479 2383.820663534812
 452.479     12.0 489.600090125996 2567.191483806721
 458.176     32.0 73.34832810876345 1283.5957419033605
 459.393     25.0 102.68765935226884 1466.966562175269
  462.39      7.0 1155.2361677130243 550.1124608157259
  463.39      8.0 220.04498432629035 1466.966562175269
 467.107     11.0 135.69440700121237 1100.2249216314517
  469.74     14.0 73.34832810876345 1100.2249216314517
  472.31      8.0 482.2652573151197 2750.5623040786295
 474.674     32.0 207.20902690725674 3117.3039446224466
 475.327     21.0 216.37756792085216 2383.820663534812
   476.8     25.0 187.03823667734682 4400.899686525807
 477.604      6.0 6234.607889244893 3300.674764894355
 486.647     19.0 102.68765935226884 2017.0790229909949
  493.32      8.0 234.71464994804305 1283.5957419033605
 495.354      4.0 1155.2361677130243 550.1124608157259
 496.552     21.0 256.71914838067204 550.1124608157259
 499.916     26.0 119.19103317674062 3117.3039446224466
 500.562     16.0 209.0427351099758 2750.5623040786295
 502.667     10.0 577.6180838565122 4400.899686525807
 506.553      6.0 682.1394514115001 3667.4164054381727
 522.542     11.0 5812.8550026195035 6051.237068972985
 523.588     20.0 207.20902690725674 4217.528866253899
  532.32     10.0 1026.8765935226882 1466.966562175269
  536.35     12.0 4382.562604498616 4217.528866253899
 553.651      7.0 1778.6969566375135 916.8541013595432
 558.456      2.0 1364829.015283816 67847.20350060619
 561.182     23.0 238.38206635348124 550.1124608157259
 567.328      7.0 1687.0115465015592 3667.4164054381727
 567.736     26.0 1980.4048589366132 916.8541013595432
 576.079      4.0 81966.75666154316 3667.4164054381727
 579.827     14.0 557.4472936266022 4584.270506797716
 580.516      5.0 5574.472936266022 3117.3039446224466
 583.298     18.0 168.70115465015596 2200.4498432629034
 584.377     14.0 396.08097178732265 2383.820663534812
 593.253     10.0 641.7978709516802 366.74164054381725
 593.755     16.0 678.4720350060619 550.1124608157259
 596.485      5.0 1943.7306948822313 1833.7082027190863
 597.016     10.0 522.6068377749395 2750.5623040786295
 600.472      7.0 641.7978709516802 366.74164054381725
 601.354     20.0 249.38431556979575 4217.528866253899
 602.117     16.0 355.73939132750274 2750.5623040786295
 602.676     27.0 168.70115465015596 2017.0790229909949
 607.452     14.0 240.2157745562003 3667.4164054381727
 609.509     14.0 7518.203631148253 550.1124608157259
 614.307     29.0 238.38206635348124 366.74164054381725
 622.259      6.0 1136.8990856858336 550.1124608157259
 624.834     39.0 326.40006008399735 2750.5623040786295
 628.799     12.0 495.1012147341533 366.74164054381725
 632.247      6.0 1613.6632183927961 733.4832810876345
  640.51      4.0 421.7528866253898 1100.2249216314517
 642.902      5.0 9168.541013595432 366.74164054381725
 648.316     17.0 3795.7759796285086 3484.045585166264
 649.844     35.0 1155.2361677130243 2750.5623040786295
 651.256      5.0 258369.48576311924 14669.66562175269
  652.94     30.0 678.4720350060619 2200.4498432629034
 654.551      5.0 24388.319096163847 1100.2249216314517
   659.2      5.0 183.37082027190863 366.74164054381725
 661.207     26.0 311.73039446224465 366.74164054381725
 665.735     15.0 568.4495428429168 366.74164054381725
   674.3      5.0 157.69890543384142 4034.1580459819897
 677.184     30.0 641.7978709516802 366.74164054381725
 683.621      6.0 2035.4161050181856 916.8541013595432
 687.857     21.0 300.72814524593014 3300.674764894355
 688.792     17.0 513.4382967613441 366.74164054381725
 692.101     27.0 531.775378788535 550.1124608157259
  694.45     12.0 146.6966562175269      0.0
 707.419      5.0 21271.0151515414 916.8541013595432
  708.26     18.0 1100.2249216314517 1100.2249216314517
 712.128     26.0 458.4270506797716 550.1124608157259
 716.064     14.0 605.1237068972985 550.1124608157259
 718.464     20.0 458.4270506797716 366.74164054381725
 722.368      6.0 5739.506674510741 2750.5623040786295
 725.298      9.0 81783.38584127124 3667.4164054381727
 728.556     37.0 311.73039446224465 550.1124608157259
 732.313     31.0 366.74164054381725 550.1124608157259
 738.349     28.0 293.3933124350538 366.74164054381725
 742.419      7.0 4547.596342743334 2750.5623040786295
 742.943     17.0 1962.0677769094223 1100.2249216314517
 747.151      6.0 13202.69905957742 916.8541013595432
 748.385      7.0 22187.869252900942 1100.2249216314517
 755.425     31.0 366.74164054381725 550.1124608157259
 761.121     24.0 623.4607889244893 733.4832810876345
 761.987     14.0 843.5057732507796 733.4832810876345
 772.169     27.0 443.7573850580189 4217.528866253899
  774.84      5.0 293.3933124350538 550.1124608157259
  780.54      8.0 440.0899686525807 4400.899686525807
 791.478     17.0 880.1799373051614 550.1124608157259
  797.65      4.0 495.1012147341533 550.1124608157259
  798.92      5.0 366.74164054381725 733.4832810876345
 800.985     35.0 568.4495428429168 733.4832810876345
 802.076     17.0 1063.55075757707 1650.3373824471776
 805.887      5.0 93702.4891589453 6417.978709516802
 811.351     16.0 880.1799373051614 550.1124608157259
  819.83      6.0 678.4720350060619 550.1124608157259
 821.328     29.0 495.1012147341533 550.1124608157259
  825.29      5.0 476.76413270696247 1283.5957419033605
 826.268      6.0 6968.091170332528 550.1124608157259
 833.976     32.0 641.7978709516802 733.4832810876345
 838.309      6.0 1943.7306948822313 1833.7082027190863
 840.217     12.0 4584.270506797716 4584.270506797716
 844.629     13.0 1228.5844958217879 1283.5957419033605
   852.3      4.0 403.41580459819903 916.8541013595432
 853.983     14.0 1558.6519723112233 1466.966562175269
  854.62      4.0 660.1349529788711 550.1124608157259
  859.21      5.0 440.0899686525807 550.1124608157259
 862.171     24.0 1100.2249216314517 733.4832810876345
 865.371      7.0 7334.832810876345 550.1124608157259
 868.513     17.0 1338.6069879849329 733.4832810876345
 873.308     37.0 660.1349529788711 733.4832810876345
  881.56      5.0 348.40455851662637 550.1124608157259
  900.27      6.0 311.73039446224465 550.1124608157259
  905.08      7.0 403.41580459819903 916.8541013595432
   908.3     10.0 385.07872257100814 916.8541013595432
 913.622     23.0 2310.4723354260486 1100.2249216314517
 920.791     13.0 7811.596943583308 6234.607889244893
  931.91      9.0 458.4270506797716 916.8541013595432
 942.547     30.0 2127.10151515414 2017.0790229909949
 949.464     33.0 1155.2361677130243 733.4832810876345
  975.17      5.0 605.1237068972985 733.4832810876345
 987.196     34.0 2163.775679208522 1466.966562175269
 994.852      9.0 7536.540713175445 4584.270506797716
 999.743     19.0 1852.045284746277 1466.966562175269
 1004.91      5.0 916.8541013595432 1283.5957419033605
1015.178     17.0 2787.236468133011 2750.5623040786295
 1024.73      5.0 1008.5395114954974 1100.2249216314517
1029.471     20.0 1558.6519723112233 1466.966562175269
1031.967     23.0 1210.247413794597 916.8541013595432
 1044.09      7.0 916.8541013595432 1283.5957419033605
 1049.89      9.0 1008.5395114954974 3850.787225710081
 1052.25      9.0 678.4720350060619 1283.5957419033605
 1067.23     17.0 2347.1464994804305 1833.7082027190863
 1091.64      9.0 1118.5620036586427 1466.966562175269
 1097.35     11.0 660.1349529788711 1466.966562175269
1107.761     21.0 4052.495128009181 3117.3039446224466
  1134.6      5.0 366.74164054381725      0.0
1161.064     31.0 3172.315190704019 311.73039446224465
1162.309     40.0 1448.6294801480783 1650.3373824471776
 1165.38      8.0 1228.5844958217879 1283.5957419033605
1173.782     19.0 5281.079623830969 2933.933124350538
1175.076     20.0 5061.034639504678 2567.191483806721
1177.043     26.0 3208.989354758401 2200.4498432629034
 1189.81      6.0 1228.5844958217879 2200.4498432629034
 1197.45      7.0 2163.775679208522 3117.3039446224466
1209.713      7.0 76098.89041284208 5684.495428429167
 1218.58     11.0 623.4607889244893 1283.5957419033605
1219.779     30.0 4125.843456117944 2567.191483806721
  1228.0     10.0 1136.8990856858336 1466.966562175269
 1247.85      6.0 1228.5844958217879 2200.4498432629034
 1260.56      5.0 2163.775679208522 2200.4498432629034
 1261.85     11.0 1265.2586598761695 2567.191483806721
 1276.35     22.0 1650.3373824471776 2200.4498432629034
1283.495     14.0 30989.66862595256 2017.0790229909949
 1285.83      8.0 3667.4164054381727 550.1124608157259
 1299.82      5.0 3667.4164054381727 733.4832810876345
1301.234     18.0 18887.19448800659 1466.966562175269
1305.588     38.0 1833.7082027190863      0.0
1305.783     21.0 20904.273510997584 1100.2249216314517
1315.677     22.0 5684.495428429167 550.1124608157259
1364.339      6.0 85084.0606061656 5867.866248701076
1370.617     22.0 19804.04858936613 1100.2249216314517
 1376.27      9.0 2017.0790229909949 550.1124608157259
1396.739     40.0 3667.4164054381727 366.74164054381725
1399.638     11.0 63262.93299380848 5867.866248701076
  1416.1     11.0 2493.843155697957 3117.3039446224466
  1426.6     34.0 751.8203631148253 2933.933124350538
 1432.78     10.0 1778.6969566375135 2383.820663534812
 1447.63      6.0 1760.3598746103228 1466.966562175269
 1449.23      9.0 843.5057732507796 1100.2249216314517
  1473.4     10.0 1246.9215778489786 2567.191483806721
 1489.56     10.0 43642.25522471425 2017.0790229909949
 1491.39     23.0 2750.5623040786295 366.74164054381725
  1522.9      9.0 2530.517319752339 2750.5623040786295
 1543.76     19.0 1833.7082027190863 366.74164054381725
 1618.43      7.0 4951.012147341533 550.1124608157259
 1646.12      4.0 10635.5075757707 550.1124608157259
 1652.59     11.0 4767.641327069624 1100.2249216314517
1660.368     16.0 51160.458855862504 2750.5623040786295
 1759.58     10.0 4400.899686525807 733.4832810876345
1826.302     34.0 20170.790229909948 1100.2249216314517
 1841.98      8.0 11368.990856858334 916.8541013595432
 1853.68     36.0 2383.820663534812 550.1124608157259
  1859.7      5.0 366.74164054381725      0.0
  1879.1      5.0 13202.69905957742 733.4832810876345
 1900.34     34.0 3300.674764894355 550.1124608157259
 1902.19     14.0 3117.3039446224466 550.1124608157259
  1966.8     20.0 4951.012147341533 916.8541013595432
 1995.06     17.0 8801.799373051614 1283.5957419033605
  2021.9      1.0 8068.3160919639795 1650.3373824471776
  2022.7      2.0 8068.3160919639795 1650.3373824471776
  2047.7      3.0 3300.674764894355 550.1124608157259
  2078.1      1.0 8801.799373051614 550.1124608157259
  2082.5      3.0 3484.045585166264 550.1124608157259
  2099.1      4.0 3300.674764894355 550.1124608157259
  2102.4      1.0 17053.4862852875 916.8541013595432
  2124.5      2.0 3667.4164054381727 550.1124608157259
  2143.2      2.0 3300.674764894355 550.1124608157259
  2190.8      1.0 10452.136755498792 733.4832810876345
  2198.0      4.0 2567.191483806721 550.1124608157259
  2209.2      1.0 10635.5075757707 550.1124608157259
  2230.2      1.0 11552.361677130244 733.4832810876345
  2242.0      2.0 4217.528866253899 550.1124608157259
  2248.1      3.0 2750.5623040786295 550.1124608157259
  2253.4      1.0 10635.5075757707 733.4832810876345
  2278.7      3.0 2567.191483806721 550.1124608157259
  2313.5      1.0 8251.686912235888 550.1124608157259
  2351.1      2.0 4034.1580459819897 733.4832810876345
  2352.2      2.0 8068.3160919639795 733.4832810876345
  2377.8      2.0 3667.4164054381727 733.4832810876345
  2383.1      2.0 4584.270506797716 733.4832810876345
  2394.9      1.0 12652.586598761694 916.8541013595432
  2398.6      1.0 14119.553160936965 916.8541013595432
  2437.7      1.0 1833.7082027190863      0.0
  2440.7      3.0 2933.933124350538 550.1124608157259
  2456.0      1.0 75182.03631148253 4584.270506797716
  2478.4      1.0 5684.495428429167 1100.2249216314517
  2518.9      2.0 1833.7082027190863 366.74164054381725
  2525.1      1.0 3300.674764894355 550.1124608157259
  2550.1      1.0 28055.73550160202 1466.966562175269
  2551.9      9.0 4217.528866253899 550.1124608157259
  2554.0      1.0 1833.7082027190863      0.0
  2557.4      1.0 3300.674764894355 550.1124608157259
  2569.4      4.0 2383.820663534812 550.1124608157259
  2581.7      1.0 6784.720350060619 550.1124608157259
  2587.9      2.0 4034.1580459819897 550.1124608157259
  2598.6      1.0 9535.282654139248 550.1124608157259
  2609.0      1.0 6784.720350060619 550.1124608157259
  2615.3      7.0 1833.7082027190863 733.4832810876345
  2618.5      7.0 2017.0790229909949 733.4832810876345
  2650.1      1.0 13019.328239305512 733.4832810876345
  2660.1      1.0 50793.71721531869 2567.191483806721
  2674.5      2.0 4767.641327069624 550.1124608157259
  2682.1      3.0 2750.5623040786295 550.1124608157259
  2699.5      2.0 9718.653474411158 916.8541013595432
  2702.7      2.0 7151.461990604436 733.4832810876345
  2704.5      2.0 6601.34952978871 733.4832810876345
  2724.8      4.0 2383.820663534812 550.1124608157259
  2740.1      3.0 3850.787225710081 733.4832810876345
  2749.2      2.0 733.4832810876345 2383.820663534812
  2751.4      1.0 1026.8765935226882 2383.820663534812
  2764.2      3.0 4400.899686525807 550.1124608157259
  2767.5      2.0 20904.273510997584 1100.2249216314517
  2776.0      1.0 7334.832810876345 550.1124608157259
  2788.4      2.0 3484.045585166264 366.74164054381725
  2792.7      4.0 2200.4498432629034 366.74164054381725
  2800.1      1.0 20904.273510997584 1100.2249216314517
  2810.6      2.0 3667.4164054381727 733.4832810876345
  2811.9      2.0 3850.787225710081 916.8541013595432
  2850.2      2.0 2933.933124350538 366.74164054381725
  2869.6      3.0 2750.5623040786295 366.74164054381725
  2887.1      3.0 2017.0790229909949 366.74164054381725
  2897.0      2.0 4217.528866253899 550.1124608157259
  2905.2      3.0 2383.820663534812 366.74164054381725
  2927.9      4.0 2017.0790229909949 550.1124608157259
  2933.0      4.0 2383.820663534812 550.1124608157259
  2945.3      3.0 2933.933124350538 550.1124608157259
  2950.4      2.0 4217.528866253899 550.1124608157259
  2985.5      5.0 1613.6632183927961 4584.270506797716
  2993.6      2.0 4400.899686525807 550.1124608157259
  2999.7      1.0 21637.75679208522 1283.5957419033605
  3001.8      2.0 3850.787225710081 916.8541013595432
  3053.1      2.0 11735.732497402152 1100.2249216314517
  3055.1      5.0 3484.045585166264 916.8541013595432
  3077.6      2.0 3850.787225710081 366.74164054381725
  3087.5      3.0 2200.4498432629034 366.74164054381725
  3099.7      1.0 6234.607889244893 366.74164054381725
  3108.2      2.0 10452.136755498792 1833.7082027190863
  3110.4      2.0 11919.10331767406 1833.7082027190863
  3202.1      4.0 2017.0790229909949 550.1124608157259
  3213.5      2.0 6051.237068972985 550.1124608157259
  3217.5      4.0 2383.820663534812 733.4832810876345
  3219.2      2.0 11919.10331767406 1650.3373824471776
  3230.7      2.0 4217.528866253899 550.1124608157259
  3238.6      2.0 4217.528866253899 550.1124608157259
  5384.9      2.0 4767.641327069624 366.74164054381725
  5429.3      2.0 5867.866248701076 550.1124608157259
  5433.1      1.0 21271.0151515414 1100.2249216314517
  5458.0      1.0 5501.124608157259 366.74164054381725
  5482.9      2.0 1833.7082027190863 183.37082027190863
  5491.6      1.0 2915.5960423233473 1833.7082027190863
  5535.7      2.0 2823.910632187393 1833.7082027190863
  5541.3      5.0 1118.5620036586427 1650.3373824471776
  5554.4      1.0 6968.091170332528 366.74164054381725
  5598.5      1.0 4235.86594828109 2017.0790229909949
  5634.1      1.0 2512.180237725148 1466.966562175269
  5665.5      4.0 935.1911833867339 1283.5957419033605
  5673.5      1.0 6234.607889244893 366.74164054381725
  5692.3      3.0 1191.910331767406 1283.5957419033605
  5709.1      1.0 9718.653474411158 550.1124608157259
  5721.9      1.0 8618.428552779706 550.1124608157259
  5727.2      6.0 990.2024294683066 1833.7082027190863
  5779.7      4.0 1833.7082027190863 2017.0790229909949
  5785.1      1.0 14853.036442024599 733.4832810876345
  5810.7      4.0 1045.213675549879 1650.3373824471776
  5824.6      1.0 54094.39198021305 2567.191483806721
  5837.4      5.0 5317.75378788535 2017.0790229909949
  5876.0      2.0 2438.831909616385 1650.3373824471776
  5885.9      2.0 2567.191483806721 2017.0790229909949
  5934.5      1.0 14669.66562175269 733.4832810876345
  5944.6      1.0 6968.091170332528 366.74164054381725
  5965.3      3.0 953.5282654139249 1100.2249216314517
  5990.4      1.0 2438.831909616385 2567.191483806721
  6043.4      1.0 3557.393913275027 2017.0790229909949
  6101.2      2.0 1320.2699059577421 1283.5957419033605
  6215.4      2.0 1081.887839604261 1100.2249216314517
  6231.0      1.0 4254.20303030828 2200.4498432629034
  6242.7      2.0 1705.3486285287504 1283.5957419033605
  6254.6      1.0 2163.775679208522 1283.5957419033605
  6275.5      3.0 953.5282654139249 1100.2249216314517
  6293.1      5.0 458.4270506797716 916.8541013595432
  6382.2      1.0 2108.7644331269494 1100.2249216314517
  6393.2      4.0 586.7866248701076 916.8541013595432
  6405.9      3.0 1081.887839604261 1100.2249216314517
  6462.7      1.0 4749.304245042433 2383.820663534812
  6489.7      5.0 458.4270506797716 916.8541013595432
  6517.8      1.0 3924.1355538188445 2567.191483806721
  6587.2      1.0 5941.214576809839 3117.3039446224466
  6605.4      1.0 7463.192385066682 3667.4164054381727
  6824.2      1.0 11002.249216314518 550.1124608157259
  6995.1      1.0 2365.4835815076212 1466.966562175269
  7200.7      3.0 495.1012147341533 550.1124608157259
  7678.7      1.0 11552.361677130244 550.1124608157259
  7737.4      1.0 5721.169592483549 2933.933124350538
  7833.3      1.0 5446.113362075686 2750.5623040786295
  7908.4      2.0 990.2024294683066 733.4832810876345
  8484.8      1.0 8801.799373051614 550.1124608157259
  9043.1      1.0 4529.259260716143 2383.820663534812
