  60.911      2.0     0.12      2.0
  75.177      5.0   0.0027      4.0
  78.601      3.0     0.09     15.0
  80.605      3.0    0.046      5.0
   85.57      3.0    0.121     13.0
  89.929      2.0      0.4      4.0
  95.902      3.0    125.0     10.0
  99.533      6.0    0.055     13.0
 102.515     10.0    0.049     19.0
  107.22      6.0    0.049     11.0
 109.915      3.0     0.08      8.0
 110.985      5.0    0.171     12.0
  116.23      4.0    0.105     12.0
 123.499      4.0    0.053      8.0
 124.093      5.0    0.062      8.0
 124.698      3.0    0.093     11.0
 130.075      5.0    0.045     10.0
 130.163      3.0    0.092     29.0
 132.015      9.0    0.041      9.0
 133.919      4.0    0.062     10.0
  138.32      7.0    0.044     13.0
 138.376     12.0    0.046     12.0
 140.369     18.0    0.039     17.0
 140.659      3.0     0.18     11.0
 142.099     16.0    0.055     10.0
 142.412      9.0    0.083     13.0
 151.378      3.0    0.197     10.0
 152.432     11.0    0.056     11.0
 153.488      7.0    0.056     14.0
 154.341      6.0    0.087     14.0
 154.639      3.0     0.91      8.0
 156.141      5.0    0.102     11.0
 156.531      3.0     0.19      3.0
 162.378      7.0     0.13      4.0
  165.27      5.0    0.096      9.0
 165.895      6.0    0.275     24.0
 170.857     15.0    0.045      9.0
 171.077      5.0     0.03      0.0
 173.254      7.0    0.107     10.0
 175.531     13.0    0.046     16.0
 176.803      5.0     0.34      2.0
 180.198      6.0    0.198      9.0
  182.55      8.0    0.066      9.0
 183.403      5.0    0.144     11.0
 183.782      8.0     0.21      5.0
 184.847      7.0    0.194     12.0
 186.182      4.0    0.192     21.0
 193.603      4.0    0.133     11.0
 194.116      6.0    0.122     11.0
 196.108      5.0    0.211     14.0
 196.723      8.0    0.166     14.0
 199.833      4.0     0.81      3.0
  203.13      9.0    0.103     15.0
 203.774      6.0    0.092     19.0
 203.982      5.0    0.128     13.0
  206.09      4.0     0.27     25.0
 212.488     16.0    0.057     15.0
 212.917      6.0    0.242     16.0
  217.96     11.0     0.13     14.0
 220.189      4.0     0.52      4.0
 225.058     16.0    0.169     13.0
 225.215     10.0    0.112     25.0
 225.852      5.0    0.215     20.0
 226.213      9.0    0.194     18.0
 228.041     14.0    0.103     12.0
 229.812      6.0     12.5     12.0
 230.199     13.0     0.35      8.0
 231.684      8.0     0.15     16.0
 232.689      8.0    0.094     20.0
 236.897      9.0     2.85     15.0
 239.509      8.0     0.46      3.0
 240.301      7.0     0.73      4.0
  240.95      6.0     0.35      3.0
 246.472      4.0     0.58      4.0
 248.759      7.0      0.2      2.0
 256.195      4.0      2.2     12.0
 261.976      7.0      1.8     10.0
 263.081     12.0     0.21      4.0
 267.989      6.0     0.33      3.0
 269.144     22.0    0.151     25.0
 269.962     29.0    0.073     23.0
 270.537     24.0     0.11      3.0
 270.804     16.0    0.175     25.0
 272.431     14.0    0.126     18.0
  272.96     12.0     0.12      4.0
 275.617     19.0    0.138     22.0
 276.139     19.0     0.21     23.0
 277.048     22.0    0.104     23.0
 277.469     12.0     0.16      3.0
 278.072     12.0    0.156     23.0
 281.118     31.0    0.089     26.0
 285.551     14.0     0.26      4.0
 286.021     22.0     0.15      4.0
 287.981      9.0     2.82     15.0
 289.809     11.0     0.24      3.0
   292.1     20.0     0.24      9.0
 292.541      6.0     0.56      4.0
 296.367      6.0     2.62     14.0
 298.058     28.0    0.113     22.0
 298.674     35.0     0.22      3.0
 300.868     17.0      0.2      4.0
 301.272     11.0     0.28      3.0
 304.855      8.0      0.4      4.0
  306.56      7.0     2.36     13.0
 309.567     15.0     0.23      4.0
 310.316      6.0     2.34     13.0
 311.131     13.0     0.31      4.0
 316.327     12.0     0.19      5.0
 317.476     11.0     0.22      6.0
  319.21     20.0      0.2      6.0
 320.835     13.0     0.23      4.0
 321.877     15.0     0.47     11.0
 323.642     18.0      0.2      8.0
 331.127     12.0      0.3      3.0
 335.049     20.0     0.38      5.0
  336.21      4.0     0.16      5.0
 336.743     11.0     0.35      8.0
 340.294      7.0     2.24     13.0
  340.74      5.0     0.48      7.0
 341.321     17.0     0.47      6.0
 341.722     18.0     0.43      6.0
 342.514     21.0     0.44      6.0
 345.073     21.0     0.24      4.0
 348.324     25.0     0.31      8.0
 354.289     16.0     0.33      4.0
 356.523     10.0     1.32      7.0
   357.7     40.0     0.47      5.0
   359.2      5.0     0.17      6.0
 361.501     16.0     0.38      4.0
 362.608      5.0     2.58     15.0
 363.749     22.0     0.61      4.0
 366.911     40.0     0.49     17.0
 367.893      9.0     20.3     11.0
 375.672      9.0     1.44      8.0
 376.347     19.0      0.3      5.0
 380.158     13.0     0.85      6.0
 386.214     18.0     0.81      7.0
 391.123     20.0     0.73     10.0
 391.973     20.0     0.76      9.0
   392.3     20.0     0.41      7.0
 393.531     31.0      0.7     16.0
 394.424     32.0     0.83     24.0
 395.473     31.0     0.75     16.0
 397.541     24.0     1.05     18.0
 399.621     11.0      1.5     15.0
 400.253     15.0     1.31     14.0
 417.288     14.0     0.43      5.0
 417.704     12.0     0.52      5.0
 418.554     14.0     0.69      6.0
 420.023      4.0      4.3      3.0
 426.666      6.0      8.7      6.0
 430.333     31.0     0.64     13.0
 431.263      7.0     1.78     10.0
 433.236     19.0      1.3     13.0
 434.282      9.0      4.3      3.0
 445.399     23.0     0.36      7.0
 448.518      4.0     10.7      5.0
  450.11     31.0     0.46     10.0
 451.077      6.0     2.54     13.0
 452.479     12.0     2.67     14.0
 458.176     32.0      0.4      7.0
 459.393     25.0     0.56      8.0
  462.39      7.0      6.3      3.0
  463.39      8.0      1.2      8.0
 467.107     11.0     0.74      6.0
  469.74     14.0      0.4      6.0
  472.31      8.0     2.63     15.0
 474.674     32.0     1.13     17.0
 475.327     21.0     1.18     13.0
   476.8     25.0     1.02     24.0
 477.604      6.0     34.0     18.0
 486.647     19.0     0.56     11.0
  493.32      8.0     1.28      7.0
 495.354      4.0      6.3      3.0
 496.552     21.0      1.4      3.0
 499.916     26.0     0.65     17.0
 500.562     16.0     1.14     15.0
 502.667     10.0     3.15     24.0
 506.553      6.0     3.72     20.0
 522.542     11.0     31.7     33.0
 523.588     20.0     1.13     23.0
  532.32     10.0      5.6      8.0
  536.35     12.0     23.9     23.0
 553.651      7.0      9.7      5.0
 558.456      2.0   7443.0    370.0
 561.182     23.0      1.3      3.0
 567.328      7.0      9.2     20.0
 567.736     26.0     10.8      5.0
 576.079      4.0    447.0     20.0
 579.827     14.0     3.04     25.0
 580.516      5.0     30.4     17.0
 583.298     18.0     0.92     12.0
 584.377     14.0     2.16     13.0
 593.253     10.0      3.5      2.0
 593.755     16.0      3.7      3.0
 596.485      5.0     10.6     10.0
 597.016     10.0     2.85     15.0
 600.472      7.0      3.5      2.0
 601.354     20.0     1.36     23.0
 602.117     16.0     1.94     15.0
 602.676     27.0     0.92     11.0
 607.452     14.0     1.31     20.0
 609.509     14.0     41.0      3.0
 614.307     29.0      1.3      2.0
 622.259      6.0      6.2      3.0
 624.834     39.0     1.78     15.0
 628.799     12.0      2.7      2.0
 632.247      6.0      8.8      4.0
  640.51      4.0      2.3      6.0
 642.902      5.0     50.0      2.0
 648.316     17.0     20.7     19.0
 649.844     35.0      6.3     15.0
 651.256      5.0   1409.0     80.0
  652.94     30.0      3.7     12.0
 654.551      5.0    133.0      6.0
   659.2      5.0      1.0      2.0
 661.207     26.0      1.7      2.0
 665.735     15.0      3.1      2.0
   674.3      5.0     0.86     22.0
 677.184     30.0      3.5      2.0
 683.621      6.0     11.1      5.0
 687.857     21.0     1.64     18.0
 688.792     17.0      2.8      2.0
 692.101     27.0      2.9      3.0
  694.45     12.0      0.8      0.0
 707.419      5.0    116.0      5.0
  708.26     18.0      6.0      6.0
 712.128     26.0      2.5      3.0
 716.064     14.0      3.3      3.0
 718.464     20.0      2.5      2.0
 722.368      6.0     31.3     15.0
 725.298      9.0    446.0     20.0
 728.556     37.0      1.7      3.0
 732.313     31.0      2.0      3.0
 738.349     28.0      1.6      2.0
 742.419      7.0     24.8     15.0
 742.943     17.0     10.7      6.0
 747.151      6.0     72.0      5.0
 748.385      7.0    121.0      6.0
 755.425     31.0      2.0      3.0
 761.121     24.0      3.4      4.0
 761.987     14.0      4.6      4.0
 772.169     27.0     2.42     23.0
  774.84      5.0      1.6      3.0
  780.54      8.0      2.4     24.0
 791.478     17.0      4.8      3.0
  797.65      4.0      2.7      3.0
  798.92      5.0      2.0      4.0
 800.985     35.0      3.1      4.0
 802.076     17.0      5.8      9.0
 805.887      5.0    511.0     35.0
 811.351     16.0      4.8      3.0
  819.83      6.0      3.7      3.0
 821.328     29.0      2.7      3.0
  825.29      5.0      2.6      7.0
 826.268      6.0     38.0      3.0
 833.976     32.0      3.5      4.0
 838.309      6.0     10.6     10.0
 840.217     12.0     25.0     25.0
 844.629     13.0      6.7      7.0
   852.3      4.0      2.2      5.0
 853.983     14.0      8.5      8.0
  854.62      4.0      3.6      3.0
  859.21      5.0      2.4      3.0
 862.171     24.0      6.0      4.0
 865.371      7.0     40.0      3.0
 868.513     17.0      7.3      4.0
 873.308     37.0      3.6      4.0
  881.56      5.0      1.9      3.0
  900.27      6.0      1.7      3.0
  905.08      7.0      2.2      5.0
   908.3     10.0      2.1      5.0
 913.622     23.0     12.6      6.0
 920.791     13.0     42.6     34.0
  931.91      9.0      2.5      5.0
 942.547     30.0     11.6     11.0
 949.464     33.0      6.3      4.0
  975.17      5.0      3.3      4.0
 987.196     34.0     11.8      8.0
 994.852      9.0     41.1     25.0
 999.743     19.0     10.1      8.0
 1004.91      5.0      5.0      7.0
1015.178     17.0     15.2     15.0
 1024.73      5.0      5.5      6.0
1029.471     20.0      8.5      8.0
1031.967     23.0      6.6      5.0
 1044.09      7.0      5.0      7.0
 1049.89      9.0      5.5     21.0
 1052.25      9.0      3.7      7.0
 1067.23     17.0     12.8     10.0
 1091.64      9.0      6.1      8.0
 1097.35     11.0      3.6      8.0
1107.761     21.0     22.1     17.0
  1134.6      5.0      2.0      0.0
1161.064     31.0     17.3      1.7
1162.309     40.0      7.9      9.0
 1165.38      8.0      6.7      7.0
1173.782     19.0     28.8     16.0
1175.076     20.0     27.6     14.0
1177.043     26.0     17.5     12.0
 1189.81      6.0      6.7     12.0
 1197.45      7.0     11.8     17.0
1209.713      7.0    415.0     31.0
 1218.58     11.0      3.4      7.0
1219.779     30.0     22.5     14.0
  1228.0     10.0      6.2      8.0
 1247.85      6.0      6.7     12.0
 1260.56      5.0     11.8     12.0
 1261.85     11.0      6.9     14.0
 1276.35     22.0      9.0     12.0
1283.495     14.0    169.0     11.0
 1285.83      8.0     20.0      3.0
 1299.82      5.0     20.0      4.0
1301.234     18.0    103.0      8.0
1305.588     38.0     10.0      0.0
1305.783     21.0    114.0      6.0
1315.677     22.0     31.0      3.0
1364.339      6.0    464.0     32.0
1370.617     22.0    108.0      6.0
 1376.27      9.0     11.0      3.0
1396.739     40.0     20.0      2.0
1399.638     11.0    345.0     32.0
  1416.1     11.0     13.6     17.0
  1426.6     34.0      4.1     16.0
 1432.78     10.0      9.7     13.0
 1447.63      6.0      9.6      8.0
 1449.23      9.0      4.6      6.0
  1473.4     10.0      6.8     14.0
 1489.56     10.0    238.0     11.0
 1491.39     23.0     15.0      2.0
  1522.9      9.0     13.8     15.0
 1543.76     19.0     10.0      2.0
 1618.43      7.0     27.0      3.0
 1646.12      4.0     58.0      3.0
 1652.59     11.0     26.0      6.0
1660.368     16.0    279.0     15.0
 1759.58     10.0     24.0      4.0
1826.302     34.0    110.0      6.0
 1841.98      8.0     62.0      5.0
 1853.68     36.0     13.0      3.0
  1859.7      5.0      2.0      0.0
  1879.1      5.0     72.0      4.0
 1900.34     34.0     18.0      3.0
 1902.19     14.0     17.0      3.0
  1966.8     20.0     27.0      5.0
 1995.06     17.0     48.0      7.0
  2021.9      1.0     44.0      9.0
  2022.7      2.0     44.0      9.0
  2047.7      3.0     18.0      3.0
  2078.1      1.0     48.0      3.0
  2082.5      3.0     19.0      3.0
  2099.1      4.0     18.0      3.0
  2102.4      1.0     93.0      5.0
  2124.5      2.0     20.0      3.0
  2143.2      2.0     18.0      3.0
  2190.8      1.0     57.0      4.0
  2198.0      4.0     14.0      3.0
  2209.2      1.0     58.0      3.0
  2230.2      1.0     63.0      4.0
  2242.0      2.0     23.0      3.0
  2248.1      3.0     15.0      3.0
  2253.4      1.0     58.0      4.0
  2278.7      3.0     14.0      3.0
  2313.5      1.0     45.0      3.0
  2351.1      2.0     22.0      4.0
  2352.2      2.0     44.0      4.0
  2377.8      2.0     20.0      4.0
  2383.1      2.0     25.0      4.0
  2394.9      1.0     69.0      5.0
  2398.6      1.0     77.0      5.0
  2437.7      1.0     10.0      0.0
  2440.7      3.0     16.0      3.0
  2456.0      1.0    410.0     25.0
  2478.4      1.0     31.0      6.0
  2518.9      2.0     10.0      2.0
  2525.1      1.0     18.0      3.0
  2550.1      1.0    153.0      8.0
  2551.9      9.0     23.0      3.0
  2554.0      1.0     10.0      0.0
  2557.4      1.0     18.0      3.0
  2569.4      4.0     13.0      3.0
  2581.7      1.0     37.0      3.0
  2587.9      2.0     22.0      3.0
  2598.6      1.0     52.0      3.0
  2609.0      1.0     37.0      3.0
  2615.3      7.0     10.0      4.0
  2618.5      7.0     11.0      4.0
  2650.1      1.0     71.0      4.0
  2660.1      1.0    277.0     14.0
  2674.5      2.0     26.0      3.0
  2682.1      3.0     15.0      3.0
  2699.5      2.0     53.0      5.0
  2702.7      2.0     39.0      4.0
  2704.5      2.0     36.0      4.0
  2724.8      4.0     13.0      3.0
  2740.1      3.0     21.0      4.0
  2749.2      2.0      4.0     13.0
  2751.4      1.0      5.6     13.0
  2764.2      3.0     24.0      3.0
  2767.5      2.0    114.0      6.0
  2776.0      1.0     40.0      3.0
  2788.4      2.0     19.0      2.0
  2792.7      4.0     12.0      2.0
  2800.1      1.0    114.0      6.0
  2810.6      2.0     20.0      4.0
  2811.9      2.0     21.0      5.0
  2850.2      2.0     16.0      2.0
  2869.6      3.0     15.0      2.0
  2887.1      3.0     11.0      2.0
  2897.0      2.0     23.0      3.0
  2905.2      3.0     13.0      2.0
  2927.9      4.0     11.0      3.0
  2933.0      4.0     13.0      3.0
  2945.3      3.0     16.0      3.0
  2950.4      2.0     23.0      3.0
  2985.5      5.0      8.8     25.0
  2993.6      2.0     24.0      3.0
  2999.7      1.0    118.0      7.0
  3001.8      2.0     21.0      5.0
  3053.1      2.0     64.0      6.0
  3055.1      5.0     19.0      5.0
  3077.6      2.0     21.0      2.0
  3087.5      3.0     12.0      2.0
  3099.7      1.0     34.0      2.0
  3108.2      2.0     57.0     10.0
  3110.4      2.0     65.0     10.0
  3202.1      4.0     11.0      3.0
  3213.5      2.0     33.0      3.0
  3217.5      4.0     13.0      4.0
  3219.2      2.0     65.0      9.0
  3230.7      2.0     23.0      3.0
  3238.6      2.0     23.0      3.0
  5384.9      2.0     26.0      2.0
  5429.3      2.0     32.0      3.0
  5433.1      1.0    116.0      6.0
  5458.0      1.0     30.0      2.0
  5482.9      2.0     10.0      1.0
  5491.6      1.0     15.9     10.0
  5535.7      2.0     15.4     10.0
  5541.3      5.0      6.1      9.0
  5554.4      1.0     38.0      2.0
  5598.5      1.0     23.1     11.0
  5634.1      1.0     13.7      8.0
  5665.5      4.0      5.1      7.0
  5673.5      1.0     34.0      2.0
  5692.3      3.0      6.5      7.0
  5709.1      1.0     53.0      3.0
  5721.9      1.0     47.0      3.0
  5727.2      6.0      5.4     10.0
  5779.7      4.0     10.0     11.0
  5785.1      1.0     81.0      4.0
  5810.7      4.0      5.7      9.0
  5824.6      1.0    295.0     14.0
  5837.4      5.0     29.0     11.0
  5876.0      2.0     13.3      9.0
  5885.9      2.0     14.0     11.0
  5934.5      1.0     80.0      4.0
  5944.6      1.0     38.0      2.0
  5965.3      3.0      5.2      6.0
  5990.4      1.0     13.3     14.0
  6043.4      1.0     19.4     11.0
  6101.2      2.0      7.2      7.0
  6215.4      2.0      5.9      6.0
  6231.0      1.0     23.2     12.0
  6242.7      2.0      9.3      7.0
  6254.6      1.0     11.8      7.0
  6275.5      3.0      5.2      6.0
  6293.1      5.0      2.5      5.0
  6382.2      1.0     11.5      6.0
  6393.2      4.0      3.2      5.0
  6405.9      3.0      5.9      6.0
  6462.7      1.0     25.9     13.0
  6489.7      5.0      2.5      5.0
  6517.8      1.0     21.4     14.0
  6587.2      1.0     32.4     17.0
  6605.4      1.0     40.7     20.0
  6824.2      1.0     60.0      3.0
  6995.1      1.0     12.9      8.0
  7200.7      3.0      2.7      3.0
  7678.7      1.0     63.0      3.0
  7737.4      1.0     31.2     16.0
  7833.3      1.0     29.7     15.0
  7908.4      2.0      5.4      4.0
  8484.8      1.0     48.0      3.0
  9043.1      1.0     24.7     13.0
